layout_spectrum: 0.478373
typography_spectrum: 0.5756983
color:
  saturation: 0.7910024
  lightness: 0.8668211
  brandStrength: 0.6510613
  rhythmicContrast: 0.8562385
